[
  {
    "pose_index": 0,
    "T_base_cam": [
      [
        -0.6210504174232483,
        -0.6145550012588501,
        0.4864345192909241,
        0.07975081354379654
      ],
      [
        0.2002706378698349,
        0.4756002724170685,
        0.8565606474876404,
        -0.21435905992984772
      ],
      [
        -0.7577519416809082,
        0.6293858885765076,
        -0.17229442298412323,
        0.580703616142273
      ],
      [
        0.0,
        0.0,
        0.0,
        1.0
      ]
    ],
    "T_base_ee": [
      [
        0.007889539003372192,
        0.8644038438796997,
        0.5027362704277039,
        -0.018484419211745262
      ],
      [
        0.18161186575889587,
        -0.4956294298171997,
        0.8493342399597168,
        -0.08200505375862122
      ],
      [
        0.9833386540412903,
        0.08460202068090439,
        -0.16089627146720886,
        0.599023699760437
      ],
      [
        0.0,
        0.0,
        0.0,
        1.0
      ]
    ]
  },
  {
    "pose_index": 1,
    "T_base_cam": [
      [
        -0.6210540533065796,
        -0.6145575642585754,
        0.48642656207084656,
        0.07974971830844879
      ],
      [
        0.20021851360797882,
        0.4756336510181427,
        0.8565542697906494,
        -0.21435551345348358
      ],
      [
        -0.7577627301216125,
        0.629358172416687,
        -0.17234839498996735,
        0.580703616142273
      ],
      [
        0.0,
        0.0,
        0.0,
        1.0
      ]
    ],
    "T_base_ee": [
      [
        0.007890364155173302,
        0.8644083738327026,
        0.5027284026145935,
        -0.01848663203418255
      ],
      [
        0.18167251348495483,
        -0.495616614818573,
        0.8493286967277527,
        -0.08200125396251678
      ],
      [
        0.9833274483680725,
        0.08463042229413986,
        -0.16094984114170074,
        0.5990158319473267
      ],
      [
        0.0,
        0.0,
        0.0,
        1.0
      ]
    ]
  },
  {
    "pose_index": 2,
    "T_base_cam": [
      [
        -0.5585956573486328,
        -0.5370761752128601,
        0.6320760846138,
        0.0709361657500267
      ],
      [
        0.33342939615249634,
        0.5523658990859985,
        0.7640136480331421,
        -0.1160222589969635
      ],
      [
        -0.7594707012176514,
        0.6375274062156677,
        -0.12947216629981995,
        0.662156879901886
      ],
      [
        0.0,
        0.0,
        0.0,
        1.0
      ]
    ],
    "T_base_ee": [
      [
        0.01612650230526924,
        0.7626618146896362,
        0.6465964317321777,
        -0.0031602841336280107
      ],
      [
        0.14127877354621887,
        -0.6419305801391602,
        0.7536348700523376,
        0.030710967257618904
      ],
      [
        0.9898384809494019,
        0.07919684797525406,
        -0.11810001730918884,
        0.6841216087341309
      ],
      [
        0.0,
        0.0,
        0.0,
        1.0
      ]
    ]
  },
  {
    "pose_index": 3,
    "T_base_cam": [
      [
        -0.5205888152122498,
        -0.49973320960998535,
        0.6922817230224609,
        0.0753365159034729
      ],
      [
        0.41732338070869446,
        0.5584317445755005,
        0.7169346213340759,
        -0.04480167478322983
      ],
      [
        -0.7448680400848389,
        0.662133514881134,
        -0.08216296881437302,
        0.7230430245399475
      ],
      [
        0.0,
        0.0,
        0.0,
        1.0
      ]
    ],
    "T_base_ee": [
      [
        0.014555220492184162,
        0.708275556564331,
        0.7057859897613525,
        0.012832807376980782
      ],
      [
        0.08612801879644394,
        -0.7041254043579102,
        0.704832911491394,
        0.10598789900541306
      ],
      [
        0.9961777329444885,
        0.05052895098924637,
        -0.07125106453895569,
        0.7523545026779175
      ],
      [
        0.0,
        0.0,
        0.0,
        1.0
      ]
    ]
  },
  {
    "pose_index": 4,
    "T_base_cam": [
      [
        -0.3939768373966217,
        -0.3574258089065552,
        0.8467756509780884,
        0.10593323409557343
      ],
      [
        0.53107750415802,
        0.6634036898612976,
        0.5271169543266296,
        -0.044874921441078186
      ],
      [
        -0.7501593232154846,
        0.6573753952980042,
        -0.07154487818479538,
        0.605155885219574
      ],
      [
        0.0,
        0.0,
        0.0,
        1.0
      ]
    ],
    "T_base_ee": [
      [
        0.022324923425912857,
        0.515177309513092,
        0.8567928075790405,
        0.08158712834119797
      ],
      [
        0.08037468791007996,
        -0.8551572561264038,
        0.51209956407547,
        0.11659623682498932
      ],
      [
        0.9965146780014038,
        0.05743187293410301,
        -0.06049853563308716,
        0.634099006652832
      ],
      [
        0.0,
        0.0,
        0.0,
        1.0
      ]
    ]
  },
  {
    "pose_index": 5,
    "T_base_cam": [
      [
        -0.5168552994728088,
        -0.4942786395549774,
        0.6989629864692688,
        0.19069451093673706
      ],
      [
        0.42361900210380554,
        0.5618339776992798,
        0.7105557918548584,
        0.034045010805130005
      ],
      [
        -0.7439137101173401,
        0.6633485555648804,
        -0.08100105822086334,
        0.4913233518600464
      ],
      [
        0.0,
        0.0,
        0.0,
        1.0
      ]
    ],
    "T_base_ee": [
      [
        0.015644311904907227,
        0.7016438841819763,
        0.7123560309410095,
        0.12961836159229279
      ],
      [
        0.08408208936452866,
        -0.7108429074287415,
        0.6983069181442261,
        0.18535871803760529
      ],
      [
        0.996336042881012,
        0.04897185415029526,
        -0.07011633366346359,
        0.5209414958953857
      ],
      [
        0.0,
        0.0,
        0.0,
        1.0
      ]
    ]
  },
  {
    "pose_index": 6,
    "T_base_cam": [
      [
        -0.6734717488288879,
        -0.693333625793457,
        0.25636762380599976,
        0.4217667579650879
      ],
      [
        0.03626783937215805,
        0.3154023289680481,
        0.9482647180557251,
        0.04615503549575806
      ],
      [
        -0.7383227348327637,
        0.6479274034500122,
        -0.18726883828639984,
        0.5759435892105103
      ],
      [
        0.0,
        0.0,
        0.0,
        1.0
      ]
    ],
    "T_base_ee": [
      [
        -0.0075720082968473434,
        0.9616214632987976,
        0.2742750942707062,
        0.2946857810020447
      ],
      [
        0.1855272799730301,
        -0.26816990971565247,
        0.9453383088111877,
        0.15055528283119202
      ],
      [
        0.9826099276542664,
        0.058043621480464935,
        -0.17637643218040466,
        0.5972598195075989
      ],
      [
        0.0,
        0.0,
        0.0,
        1.0
      ]
    ]
  },
  {
    "pose_index": 7,
    "T_base_cam": [
      [
        -0.6749451160430908,
        -0.7171487212181091,
        0.17362885177135468,
        0.5428940653800964
      ],
      [
        -0.02516609989106655,
        0.2575482726097107,
        0.9659376740455627,
        0.11616506427526474
      ],
      [
        -0.7374386787414551,
        0.647585391998291,
        -0.19187875092029572,
        0.461086630821228
      ],
      [
        0.0,
        0.0,
        0.0,
        1.0
      ]
    ],
    "T_base_ee": [
      [
        -0.022371811792254448,
        0.981191873550415,
        0.1917342096567154,
        0.4073279798030853
      ],
      [
        0.1886702924966812,
        -0.18419256806373596,
        0.9646121859550476,
        0.20934343338012695
      ],
      [
        0.9817856550216675,
        0.05775466933846474,
        -0.18100103735923767,
        0.48213404417037964
      ],
      [
        0.0,
        0.0,
        0.0,
        1.0
      ]
    ]
  },
  {
    "pose_index": 8,
    "T_base_cam": [
      [
        -0.6860101819038391,
        -0.711932361125946,
        0.15014129877090454,
        0.44567859172821045
      ],
      [
        0.02406715601682663,
        0.184037446975708,
        0.9826245307922363,
        0.10498370975255966
      ],
      [
        -0.7271937727928162,
        0.677703857421875,
        -0.10911737382411957,
        0.7179495692253113
      ],
      [
        0.0,
        0.0,
        0.0,
        1.0
      ]
    ],
    "T_base_ee": [
      [
        -0.010586058720946312,
        0.9856545925140381,
        0.1684427559375763,
        0.3085348904132843
      ],
      [
        0.10187861323356628,
        -0.16651247441768646,
        0.9807621240615845,
        0.1929161697626114
      ],
      [
        0.9947404861450195,
        0.027543120086193085,
        -0.09865441173315048,
        0.748979389667511
      ],
      [
        0.0,
        0.0,
        0.0,
        1.0
      ]
    ]
  },
  {
    "pose_index": 9,
    "T_base_cam": [
      [
        -0.6692524552345276,
        -0.6757920980453491,
        0.30887892842292786,
        0.3192831873893738
      ],
      [
        0.08495299518108368,
        0.3433804512023926,
        0.9353464245796204,
        0.049934566020965576
      ],
      [
        -0.7381626963615417,
        0.6522231101989746,
        -0.172397643327713,
        0.8149365186691284
      ],
      [
        0.0,
        0.0,
        0.0,
        1.0
      ]
    ],
    "T_base_ee": [
      [
        0.001177008729428053,
        0.9451690912246704,
        0.32657918334007263,
        0.19815653562545776
      ],
      [
        0.1705089658498764,
        -0.32198670506477356,
        0.931263267993927,
        0.1608860343694687
      ],
      [
        0.9853554368019104,
        0.054588571190834045,
        -0.16153877973556519,
        0.8377721905708313
      ],
      [
        0.0,
        0.0,
        0.0,
        1.0
      ]
    ]
  },
  {
    "pose_index": 10,
    "T_base_cam": [
      [
        -0.6710681319236755,
        -0.6991539001464844,
        0.24668081104755402,
        0.34064358472824097
      ],
      [
        0.0018726327689364552,
        0.3311254382133484,
        0.9435848593711853,
        0.06661435216665268
      ],
      [
        -0.7413932681083679,
        0.6336717009544373,
        -0.22089846432209015,
        0.4516024589538574
      ],
      [
        0.0,
        0.0,
        0.0,
        1.0
      ]
    ],
    "T_base_ee": [
      [
        -0.013266905210912228,
        0.9642729163169861,
        0.2645784318447113,
        0.2123500108718872
      ],
      [
        0.22113336622714996,
        -0.255220502614975,
        0.9412558078765869,
        0.17031005024909973
      ],
      [
        0.9751533269882202,
        0.07099466770887375,
        -0.20984692871570587,
        0.4686708152294159
      ],
      [
        0.0,
        0.0,
        0.0,
        1.0
      ]
    ]
  },
  {
    "pose_index": 11,
    "T_base_cam": [
      [
        -0.6669099926948547,
        -0.6904309391975403,
        0.28024324774742126,
        0.3360168933868408
      ],
      [
        0.022947173565626144,
        0.3568870425224304,
        0.9338656663894653,
        0.0591331347823143
      ],
      [
        -0.7447848916053772,
        0.6292350888252258,
        -0.22216807305812836,
        0.2915184199810028
      ],
      [
        0.0,
        0.0,
        0.0,
        1.0
      ]
    ],
    "T_base_ee": [
      [
        -0.010461026802659035,
        0.9545102715492249,
        0.2979945242404938,
        0.21130099892616272
      ],
      [
        0.224234938621521,
        -0.2881819009780884,
        0.9309510588645935,
        0.16724780201911926
      ],
      [
        0.9744789600372314,
        0.07655948400497437,
        -0.2110198587179184,
        0.3076595067977905
      ],
      [
        0.0,
        0.0,
        0.0,
        1.0
      ]
    ]
  },
  {
    "pose_index": 12,
    "T_base_cam": [
      [
        -0.6660868525505066,
        -0.6702398061752319,
        0.3272720277309418,
        0.48961636424064636
      ],
      [
        0.09845884144306183,
        0.3559262752532959,
        0.9293128252029419,
        0.10897400230169296
      ],
      [
        -0.7393471002578735,
        0.6512258648872375,
        -0.17108675837516785,
        0.38184529542922974
      ],
      [
        0.0,
        0.0,
        0.0,
        1.0
      ]
    ],
    "T_base_ee": [
      [
        0.0026224516332149506,
        0.9386470317840576,
        0.34486931562423706,
        0.3706197440624237
      ],
      [
        0.16971835494041443,
        -0.340285062789917,
        0.9248793125152588,
        0.2222350835800171
      ],
      [
        0.9854891300201416,
        0.056105200201272964,
        -0.16019800305366516,
        0.40454110503196716
      ],
      [
        0.0,
        0.0,
        0.0,
        1.0
      ]
    ]
  },
  {
    "pose_index": 13,
    "T_base_cam": [
      [
        -0.6669442653656006,
        -0.7117820978164673,
        0.22034431993961334,
        0.4624595046043396
      ],
      [
        -0.0062017785385251045,
        0.30101415514945984,
        0.9535995125770569,
        0.12374947220087051
      ],
      [
        -0.7450817823410034,
        0.6346312165260315,
        -0.20517398416996002,
        0.257022500038147
      ],
      [
        0.0,
        0.0,
        0.0,
        1.0
      ]
    ],
    "T_base_ee": [
      [
        -0.02479103021323681,
        0.9708889126777649,
        0.23824381828308105,
        0.3311225473880768
      ],
      [
        0.20570462942123413,
        -0.22826306521892548,
        0.9516205191612244,
        0.223415344953537
      ],
      [
        0.9783000349998474,
        0.07259950786828995,
        -0.19405746459960938,
        0.27493026852607727
      ],
      [
        0.0,
        0.0,
        0.0,
        1.0
      ]
    ]
  },
  {
    "pose_index": 14,
    "T_base_cam": [
      [
        -0.563471257686615,
        -0.7135777473449707,
        -0.4163016378879547,
        0.4428715109825134
      ],
      [
        -0.43357452750205994,
        -0.17350657284259796,
        0.8842559456825256,
        0.2541714012622833
      ],
      [
        -0.7032164335250854,
        0.6787505149841309,
        -0.2116231769323349,
        0.22679901123046875
      ],
      [
        0.0,
        0.0,
        0.0,
        1.0
      ]
    ],
    "T_base_ee": [
      [
        -0.09351077675819397,
        0.9115833640098572,
        -0.4003393054008484,
        0.279167115688324
      ],
      [
        0.17903004586696625,
        0.41094255447387695,
        0.8939096331596375,
        0.25405070185661316
      ],
      [
        0.9793896079063416,
        0.011917417868971825,
        -0.20162837207317352,
        0.2533363401889801
      ],
      [
        0.0,
        0.0,
        0.0,
        1.0
      ]
    ]
  },
  {
    "pose_index": 15,
    "T_base_cam": [
      [
        -0.6047083139419556,
        -0.796004593372345,
        -0.026545526459813118,
        0.35824018716812134
      ],
      [
        -0.23489506542682648,
        0.14639931917190552,
        0.9609326720237732,
        0.13027046620845795
      ],
      [
        -0.7610204815864563,
        0.5873193740844727,
        -0.2755064368247986,
        0.21137574315071106
      ],
      [
        0.0,
        0.0,
        0.0,
        1.0
      ]
    ],
    "T_base_ee": [
      [
        -0.12572269141674042,
        0.9920216798782349,
        -0.009319387376308441,
        0.2047157883644104
      ],
      [
        0.2605430483818054,
        0.04208087548613548,
        0.9645447134971619,
        0.192704975605011
      ],
      [
        0.957241415977478,
        0.11883705109357834,
        -0.26375487446784973,
        0.21733924746513367
      ],
      [
        0.0,
        0.0,
        0.0,
        1.0
      ]
    ]
  },
  {
    "pose_index": 16,
    "T_base_cam": [
      [
        -0.6668435335159302,
        -0.6853866577148438,
        0.2925146222114563,
        0.16664043068885803
      ],
      [
        0.04668375104665756,
        0.35333967208862305,
        0.9343295693397522,
        0.005211345851421356
      ],
      [
        -0.7437340617179871,
        0.6367073059082031,
        -0.2036258578300476,
        0.4985087513923645
      ],
      [
        0.0,
        0.0,
        0.0,
        1.0
      ]
    ],
    "T_base_ee": [
      [
        -0.007098393514752388,
        0.9506349563598633,
        0.3102301359176636,
        0.04337571933865547
      ],
      [
        0.2048059105873108,
        -0.3022792935371399,
        0.9309574365615845,
        0.11462442576885223
      ],
      [
        0.9787768721580505,
        0.07014527171850204,
        -0.1925499588251114,
        0.5168923735618591
      ],
      [
        0.0,
        0.0,
        0.0,
        1.0
      ]
    ]
  },
  {
    "pose_index": 17,
    "T_base_cam": [
      [
        -0.6695477366447449,
        -0.7348507642745972,
        0.1081681177020073,
        0.16642051935195923
      ],
      [
        -0.11891300976276398,
        0.24979783594608307,
        0.9609686732292175,
        0.031135007739067078
      ],
      [
        -0.7331886291503906,
        0.6305517554283142,
        -0.2546348571777344,
        0.7114182114601135
      ],
      [
        0.0,
        0.0,
        0.0,
        1.0
      ]
    ],
    "T_base_ee": [
      [
        -0.03796643391251564,
        0.9912665486335754,
        0.12629026174545288,
        0.024778185412287712
      ],
      [
        0.2501944601535797,
        -0.11292637139558792,
        0.9615874290466309,
        0.11605511605739594
      ],
      [
        0.9674509167671204,
        0.06810516864061356,
        -0.24372197687625885,
        0.7265638709068298
      ],
      [
        0.0,
        0.0,
        0.0,
        1.0
      ]
    ]
  }
]