[
  {
    "pose_index": 0,
    "T_base_cam": [
      [
        0.0018229022389277816,
        -0.938944935798645,
        -0.3440626263618469,
        0.15005150437355042
      ],
      [
        0.027221791446208954,
        -0.3438890874385834,
        0.938615620136261,
        0.06936617195606232
      ],
      [
        -0.9996277093887329,
        -0.01107700914144516,
        0.02493290603160858,
        0.8672868609428406
      ],
      [
        0.0,
        0.0,
        0.0,
        1.0
      ]
    ],
    "T_base_ee": [
      [
        -0.6555129289627075,
        0.6752589344978333,
        -0.338124543428421,
        0.002090911380946636
      ],
      [
        -0.26970478892326355,
        0.20887884497642517,
        0.9400153756141663,
        0.08359319716691971
      ],
      [
        0.7053808569908142,
        0.7073860168457031,
        0.04519779607653618,
        0.7937434911727905
      ],
      [
        0.0,
        0.0,
        0.0,
        1.0
      ]
    ]
  },
  {
    "pose_index": 1,
    "T_base_cam": [
      [
        0.021002836525440216,
        -0.9480380415916443,
        -0.31746307015419006,
        0.3292384743690491
      ],
      [
        0.05028998479247093,
        -0.31612932682037354,
        0.9473822712898254,
        0.10424334555864334
      ],
      [
        -0.9985137581825256,
        -0.035862989723682404,
        0.041037216782569885,
        0.9188998341560364
      ],
      [
        0.0,
        0.0,
        0.0,
        1.0
      ]
    ],
    "T_base_ee": [
      [
        -0.675836443901062,
        0.6678229570388794,
        -0.31186142563819885,
        0.18312454223632812
      ],
      [
        -0.2668117582798004,
        0.17275089025497437,
        0.9481395483016968,
        0.12445962429046631
      ],
      [
        0.6870636940002441,
        0.723995566368103,
        0.061431676149368286,
        0.8431015014648438
      ],
      [
        0.0,
        0.0,
        0.0,
        1.0
      ]
    ]
  },
  {
    "pose_index": 2,
    "T_base_cam": [
      [
        0.03306352347135544,
        -0.9159286618232727,
        -0.39997681975364685,
        0.4824909567832947
      ],
      [
        0.07059576362371445,
        -0.39705580472946167,
        0.915075421333313,
        0.1464979648590088
      ],
      [
        -0.9969568848609924,
        -0.058492373675107956,
        0.05153261870145798,
        0.8840041756629944
      ],
      [
        0.0,
        0.0,
        0.0,
        1.0
      ]
    ],
    "T_base_ee": [
      [
        -0.6611262559890747,
        0.6379994750022888,
        -0.39480212330818176,
        0.33644387125968933
      ],
      [
        -0.3376621901988983,
        0.2168918251991272,
        0.9159379005432129,
        0.1552797257900238
      ],
      [
        0.6699972152709961,
        0.7388603687286377,
        0.07203540951013565,
        0.805924117565155
      ],
      [
        0.0,
        0.0,
        0.0,
        1.0
      ]
    ]
  },
  {
    "pose_index": 3,
    "T_base_cam": [
      [
        0.03498084843158722,
        -0.9304918646812439,
        -0.3646385967731476,
        0.45830410718917847
      ],
      [
        -0.003110041841864586,
        -0.36496150493621826,
        0.9310174584388733,
        0.1446508765220642
      ],
      [
        -0.9993831515312195,
        -0.031433720141649246,
        -0.015660520642995834,
        0.7261051535606384
      ],
      [
        0.0,
        0.0,
        0.0,
        1.0
      ]
    ],
    "T_base_ee": [
      [
        -0.6730492115020752,
        0.6463920474052429,
        -0.3594190776348114,
        0.3126404583454132
      ],
      [
        -0.2627418041229248,
        0.24529831111431122,
        0.9331642389297485,
        0.153328537940979
      ],
      [
        0.6913548707962036,
        0.7224998474121094,
        0.004736385308206081,
        0.6473005414009094
      ],
      [
        0.0,
        0.0,
        0.0,
        1.0
      ]
    ]
  },
  {
    "pose_index": 4,
    "T_base_cam": [
      [
        0.025056449696421623,
        -0.9327688217163086,
        -0.35960328578948975,
        0.2950397729873657
      ],
      [
        0.005551739130169153,
        -0.3595808446407318,
        0.9330974221229553,
        0.10504066944122314
      ],
      [
        -0.999670684337616,
        -0.025376491248607635,
        -0.0038313146214932203,
        0.7181296348571777
      ],
      [
        0.0,
        0.0,
        0.0,
        1.0
      ]
    ],
    "T_base_ee": [
      [
        -0.6676119565963745,
        0.6548724174499512,
        -0.3541700541973114,
        0.14865265786647797
      ],
      [
        -0.2651754319667816,
        0.23535436391830444,
        0.9350349307060242,
        0.11521154642105103
      ],
      [
        0.6956840753555298,
        0.7181576490402222,
        0.016530703753232956,
        0.6408591270446777
      ],
      [
        0.0,
        0.0,
        0.0,
        1.0
      ]
    ]
  },
  {
    "pose_index": 5,
    "T_base_cam": [
      [
        0.032272517681121826,
        -0.9185371398925781,
        -0.39401543140411377,
        0.1847415566444397
      ],
      [
        0.016016030684113503,
        -0.3936949372291565,
        0.9191015958786011,
        0.08253759890794754
      ],
      [
        -0.9993507862091064,
        -0.03597230091691017,
        0.0020057777874171734,
        0.6697249412536621
      ],
      [
        0.0,
        0.0,
        0.0,
        1.0
      ]
    ],
    "T_base_ee": [
      [
        -0.662448525428772,
        0.6403038501739502,
        -0.3888097107410431,
        0.038656629621982574
      ],
      [
        -0.2963973879814148,
        0.2526351809501648,
        0.9210450649261475,
        0.08800502866506577
      ],
      [
        0.6879757046699524,
        0.7253870964050293,
        0.022426581010222435,
        0.5914135575294495
      ],
      [
        0.0,
        0.0,
        0.0,
        1.0
      ]
    ]
  },
  {
    "pose_index": 6,
    "T_base_cam": [
      [
        0.06613751500844955,
        -0.9214765429496765,
        -0.38276207447052,
        0.2247675061225891
      ],
      [
        -0.0581323504447937,
        -0.3865087926387787,
        0.920451819896698,
        0.10139688849449158
      ],
      [
        -0.9961156845092773,
        -0.03862554207444191,
        -0.07913031429052353,
        0.566580057144165
      ],
      [
        0.0,
        0.0,
        0.0,
        1.0
      ]
    ],
    "T_base_ee": [
      [
        -0.688788115978241,
        0.6184795498847961,
        -0.37822476029396057,
        0.08148232847452164
      ],
      [
        -0.2384612113237381,
        0.2994004189968109,
        0.9238482713699341,
        0.10245783627033234
      ],
      [
        0.6846219301223755,
        0.7265276312828064,
        -0.058740053325891495,
        0.48308396339416504
      ],
      [
        0.0,
        0.0,
        0.0,
        1.0
      ]
    ]
  },
  {
    "pose_index": 7,
    "T_base_cam": [
      [
        0.06644272059202194,
        -0.9234045743942261,
        -0.3780335783958435,
        0.4767501950263977
      ],
      [
        -0.07911785691976547,
        -0.3825535476207733,
        0.9205396175384521,
        0.15829981863498688
      ],
      [
        -0.9946485161781311,
        -0.031253959983587265,
        -0.09847567975521088,
        0.5654438138008118
      ],
      [
        0.0,
        0.0,
        0.0,
        1.0
      ]
    ],
    "T_base_ee": [
      [
        -0.6904037594795227,
        0.6195537447929382,
        -0.3734913766384125,
        0.3335226774215698
      ],
      [
        -0.22071532905101776,
        0.3112701177597046,
        0.924335241317749,
        0.15835437178611755
      ],
      [
        0.6889320611953735,
        0.7205997705459595,
        -0.07815703749656677,
        0.48184213042259216
      ],
      [
        0.0,
        0.0,
        0.0,
        1.0
      ]
    ]
  },
  {
    "pose_index": 8,
    "T_base_cam": [
      [
        0.0713944286108017,
        -0.9248055219650269,
        -0.3736812472343445,
        0.4593013525009155
      ],
      [
        -0.014724207110702991,
        -0.3755735754966736,
        0.9266756176948547,
        0.25489163398742676
      ],
      [
        -0.9973394870758057,
        -0.06065737083554268,
        -0.04043089598417282,
        0.4333761930465698
      ],
      [
        0.0,
        0.0,
        0.0,
        1.0
      ]
    ],
    "T_base_ee": [
      [
        -0.6949624419212341,
        0.6170052289962769,
        -0.36923128366470337,
        0.31652122735977173
      ],
      [
        -0.2618427574634552,
        0.2610853612422943,
        0.9291247725486755,
        0.2610120177268982
      ],
      [
        0.6696757078170776,
        0.7423873543739319,
        -0.019886178895831108,
        0.3492349684238434
      ],
      [
        0.0,
        0.0,
        0.0,
        1.0
      ]
    ]
  },
  {
    "pose_index": 9,
    "T_base_cam": [
      [
        0.07913662493228912,
        -0.5973328351974487,
        -0.7980795502662659,
        0.4519559144973755
      ],
      [
        0.10923352837562561,
        -0.7905733585357666,
        0.6025461554527283,
        0.34460508823394775
      ],
      [
        -0.9908609986305237,
        -0.1348605453968048,
        0.0026854630559682846,
        0.3762686252593994
      ],
      [
        0.0,
        0.0,
        0.0,
        1.0
      ]
    ],
    "T_base_ee": [
      [
        -0.46686309576034546,
        0.38577717542648315,
        -0.7957479953765869,
        0.3274109959602356
      ],
      [
        -0.6377330422401428,
        0.4765147268772125,
        0.6051696538925171,
        0.28365597128868103
      ],
      [
        0.6126462817192078,
        0.790006160736084,
        0.023555701598525047,
        0.28528985381126404
      ],
      [
        0.0,
        0.0,
        0.0,
        1.0
      ]
    ]
  }
]