[
  {
    "pose_index": 0,
    "T_base_cam": [
      [
        0.6771044731140137,
        -0.2072368860244751,
        0.7061036825180054,
        -0.06599240750074387
      ],
      [
        -0.6411033272743225,
        0.3049396872520447,
        0.7042715549468994,
        -0.03788018226623535
      ],
      [
        -0.36127007007598877,
        -0.92955082654953,
        0.07361580431461334,
        0.1473548859357834
      ],
      [
        -0.06760955601930618,
        -0.05292916297912598,
        0.7972611784934998,
        0.9623445272445679
      ]
    ],
    "T_base_ee": [
      [
        -0.6354513764381409,
        -0.33936774730682373,
        0.6935640573501587,
        0.0
      ],
      [
        0.6640542149543762,
        0.2181437462568283,
        0.7151540517807007,
        0.0
      ],
      [
        -0.39399686455726624,
        0.9150097370147705,
        0.08673886209726334,
        0.0
      ],
      [
        0.003184851258993149,
        0.0702572911977768,
        0.7987813949584961,
        1.0
      ]
    ]
  },
  {
    "pose_index": 1,
    "T_base_cam": [
      [
        0.6726685166358948,
        -0.2531664967536926,
        0.6952868700027466,
        -0.05879693850874901
      ],
      [
        -0.624213695526123,
        0.3104182779788971,
        0.7169363498687744,
        -0.04065323993563652
      ],
      [
        -0.3973340392112732,
        -0.9162681102752686,
        0.05077861621975899,
        0.14964492619037628
      ],
      [
        -0.2518402636051178,
        0.05894322320818901,
        0.8053668737411499,
        0.9603182077407837
      ]
    ],
    "T_base_ee": [
      [
        -0.6643474102020264,
        -0.30328017473220825,
        0.6831278204917908,
        0.0
      ],
      [
        0.65571129322052,
        0.2021714597940445,
        0.7274402976036072,
        0.0
      ],
      [
        -0.35872718691825867,
        0.9312077164649963,
        0.06455215066671371,
        0.0
      ],
      [
        0.21293905377388,
        0.11926254630088806,
        0.8099055886268616,
        1.0
      ]
    ]
  },
  {
    "pose_index": 2,
    "T_base_cam": [
      [
        0.6797325611114502,
        -0.22904279828071594,
        0.6967805027961731,
        -0.06266339123249054
      ],
      [
        -0.6291859745979309,
        0.3061401844024658,
        0.7144250869750977,
        -0.0395534448325634
      ],
      [
        -0.37694641947746277,
        -0.9240225553512573,
        0.06398297101259232,
        0.1483650654554367
      ],
      [
        -0.40912970900535583,
        0.0891108438372612,
        0.7651757597923279,
        0.9703409671783447
      ]
    ],
    "T_base_ee": [
      [
        -0.6525068879127502,
        -0.3254713714122772,
        0.6843268275260925,
        0.0
      ],
      [
        0.6562884449958801,
        0.20875313878059387,
        0.7250569462776184,
        0.0
      ],
      [
        -0.3788406550884247,
        0.9222204089164734,
        0.07739025354385376,
        0.0
      ],
      [
        0.3467225432395935,
        0.2086160033941269,
        0.7727125287055969,
        1.0
      ]
    ]
  },
  {
    "pose_index": 3,
    "T_base_cam": [
      [
        0.6592854261398315,
        -0.27381762862205505,
        0.7002618908882141,
        -0.05533728376030922
      ],
      [
        -0.6676936745643616,
        0.21502982079982758,
        0.7127043008804321,
        -0.02432442642748356
      ],
      [
        -0.34572815895080566,
        -0.9374359846115112,
        -0.04106028378009796,
        0.1544327586889267
      ],
      [
        -0.40785282850265503,
        0.1168752983212471,
        0.6264270544052124,
        0.9751647114753723
      ]
    ],
    "T_base_ee": [
      [
        -0.669310986995697,
        -0.27926328778266907,
        0.6885018944740295,
        0.0
      ],
      [
        0.6199708580970764,
        0.3007737696170807,
        0.7246870398521423,
        0.0
      ],
      [
        -0.4094617962837219,
        0.9118920564651489,
        -0.028176091611385345,
        0.0
      ],
      [
        0.3666490912437439,
        0.19049237668514252,
        0.6337946653366089,
        1.0
      ]
    ]
  },
  {
    "pose_index": 4,
    "T_base_cam": [
      [
        0.6535254120826721,
        -0.28235864639282227,
        0.7022663950920105,
        -0.053886547684669495
      ],
      [
        -0.6598692536354065,
        0.24196170270442963,
        0.7113558650016785,
        -0.02844811975955963
      ],
      [
        -0.3707790672779083,
        -0.9282931685447693,
        -0.028191691264510155,
        0.15424108505249023
      ],
      [
        -0.22153526544570923,
        0.027044137939810753,
        0.6620370745658875,
        0.9713360667228699
      ]
    ],
    "T_base_ee": [
      [
        -0.6712027788162231,
        -0.2691717743873596,
        0.6906760334968567,
        0.0
      ],
      [
        0.6332642436027527,
        0.27609899640083313,
        0.7230116128921509,
        0.0
      ],
      [
        -0.38530927896499634,
        0.9226678013801575,
        -0.014861570671200752,
        0.0
      ],
      [
        0.17040561139583588,
        0.12348038703203201,
        0.666195809841156,
        1.0
      ]
    ]
  },
  {
    "pose_index": 5,
    "T_base_cam": [
      [
        0.6654083132743835,
        -0.235793799161911,
        0.7082605361938477,
        -0.06141495332121849
      ],
      [
        -0.6833017468452454,
        0.18961285054683685,
        0.7050855755805969,
        -0.01927207224071026
      ],
      [
        -0.3005501329898834,
        -0.953125536441803,
        -0.034948352724313736,
        0.15284031629562378
      ],
      [
        -0.07924545556306839,
        -0.05353512987494469,
        0.6465440392494202,
        0.9726920127868652
      ]
    ],
    "T_base_ee": [
      [
        -0.6471279859542847,
        -0.3108372390270233,
        0.6961361765861511,
        0.0
      ],
      [
        0.6133833527565002,
        0.3299846947193146,
        0.7175450921058655,
        0.0
      ],
      [
        -0.45275402069091797,
        0.8913418650627136,
        -0.02287995256483555,
        0.0
      ],
      [
        0.0125753004103899,
        0.08164624124765396,
        0.6483369469642639,
        1.0
      ]
    ]
  },
  {
    "pose_index": 6,
    "T_base_cam": [
      [
        0.6537913680076599,
        -0.30807605385780334,
        0.691119372844696,
        -0.04974227771162987
      ],
      [
        -0.6683483123779297,
        0.19312812387943268,
        0.7183398008346558,
        -0.021674608811736107
      ],
      [
        -0.35477787256240845,
        -0.9315528869628906,
        -0.07963664829730988,
        0.15671400725841522
      ],
      [
        -0.06951967626810074,
        -0.052701424807310104,
        0.5173414349555969,
        0.9799292683601379
      ]
    ],
    "T_base_ee": [
      [
        -0.6892939805984497,
        -0.25079578161239624,
        0.6796876192092896,
        0.0
      ],
      [
        0.6050410866737366,
        0.3167583644390106,
        0.7304720878601074,
        0.0
      ],
      [
        -0.3984960615634918,
        0.9147489070892334,
        -0.06659788638353348,
        0.0
      ],
      [
        0.007513579446822405,
        0.07664915919303894,
        0.518961489200592,
        1.0
      ]
    ]
  },
  {
    "pose_index": 7,
    "T_base_cam": [
      [
        0.6477268934249878,
        -0.31561729311943054,
        0.6934230327606201,
        -0.04842261224985123
      ],
      [
        -0.6811856031417847,
        0.16772760450839996,
        0.7126385569572449,
        -0.01694820635020733
      ],
      [
        -0.34122729301452637,
        -0.9339450001716614,
        -0.106352299451828,
        0.1577066034078598
      ],
      [
        -0.258024126291275,
        0.07227381318807602,
        0.5282993912696838,
        0.9762726426124573
      ]
    ],
    "T_base_ee": [
      [
        -0.6902711987495422,
        -0.24121014773845673,
        0.6821607351303101,
        0.0
      ],
      [
        0.596468448638916,
        0.34398162364959717,
        0.725191056728363,
        0.0
      ],
      [
        -0.4095741808414459,
        0.9074658751487732,
        -0.09356636554002762,
        0.0
      ],
      [
        0.2294667363166809,
        0.11924228072166443,
        0.5329413414001465,
        1.0
      ]
    ]
  },
  {
    "pose_index": 8,
    "T_base_cam": [
      [
        0.6176219582557678,
        -0.3911297619342804,
        0.6823200583457947,
        -0.035329971462488174
      ],
      [
        -0.6730684041976929,
        0.18592792749404907,
        0.715828001499176,
        -0.020199304446578026
      ],
      [
        -0.40684401988983154,
        -0.9013592004776001,
        -0.1484239399433136,
        0.1607704758644104
      ],
      [
        -0.4319819509983063,
        0.1284649670124054,
        0.5355185866355896,
        0.9810537695884705
      ]
    ],
    "T_base_ee": [
      [
        -0.7215662002563477,
        -0.16603051126003265,
        0.6721429228782654,
        0.0
      ],
      [
        0.6033915877342224,
        0.32524898648262024,
        0.7281014323234558,
        0.0
      ],
      [
        -0.3395008444786072,
        0.9309387803077698,
        -0.13450725376605988,
        0.0
      ],
      [
        0.39289796352386475,
        0.2008104920387268,
        0.5433213710784912,
        1.0
      ]
    ]
  },
  {
    "pose_index": 9,
    "T_base_cam": [
      [
        0.6688924431800842,
        -0.3115912675857544,
        0.6749027371406555,
        -0.04936783388257027
      ],
      [
        -0.6651513576507568,
        0.15448826551437378,
        0.7305525541305542,
        -0.017461882904171944
      ],
      [
        -0.33189836144447327,
        -0.9375736117362976,
        -0.1039193794131279,
        0.1573571413755417
      ],
      [
        -0.4456402659416199,
        0.13957487046718597,
        0.28414222598075867,
        0.9962542057037354
      ]
    ],
    "T_base_ee": [
      [
        -0.7023705244064331,
        -0.25855860114097595,
        0.663191556930542,
        0.0
      ],
      [
        0.5755727887153625,
        0.34186941385269165,
        0.7428601980209351,
        0.0
      ],
      [
        -0.4187978208065033,
        0.9034781455993652,
        -0.09129972010850906,
        0.0
      ],
      [
        0.4129468500614166,
        0.20712995529174805,
        0.2922075688838959,
        1.0
      ]
    ]
  },
  {
    "pose_index": 10,
    "T_base_cam": [
      [
        0.6450943350791931,
        -0.3644229471683502,
        0.6716020107269287,
        -0.0402851477265358
      ],
      [
        -0.7058063745498657,
        0.05253336951136589,
        0.7064542174339294,
        0.0007846080115996301
      ],
      [
        -0.2927296459674835,
        -0.9297506213188171,
        -0.22332307696342468,
        0.1608721911907196
      ],
      [
        -0.30843931436538696,
        0.055112291127443314,
        0.36702409386634827,
        0.992367148399353
      ]
    ],
    "T_base_ee": [
      [
        -0.7223584055900574,
        -0.204127699136734,
        0.6607043147087097,
        0.0
      ],
      [
        0.533416211605072,
        0.4435504078865051,
        0.7202292680740356,
        0.0
      ],
      [
        -0.4400744140148163,
        0.8726940751075745,
        -0.2115173488855362,
        0.0
      ],
      [
        0.2550421357154846,
        0.1697971522808075,
        0.37282878160476685,
        1.0
      ]
    ]
  },
  {
    "pose_index": 11,
    "T_base_cam": [
      [
        0.5602338910102844,
        -0.6013599634170532,
        0.5696526765823364,
        0.004278601612895727
      ],
      [
        -0.751946210861206,
        -0.08075917512178421,
        0.6542590260505676,
        0.025414831936359406
      ],
      [
        -0.3474404811859131,
        -0.7948862910270691,
        -0.4974343180656433,
        0.1638265699148178
      ],
      [
        -0.15672647953033447,
        -0.03801048919558525,
        0.42479899525642395,
        0.9901467561721802
      ]
    ],
    "T_base_ee": [
      [
        -0.8267320990562439,
        0.02629350870847702,
        0.5619810223579407,
        0.0
      ],
      [
        0.47350582480430603,
        0.5719611048698425,
        0.6698154211044312,
        0.0
      ],
      [
        -0.3038195073604584,
        0.8198592066764832,
        -0.4853087365627289,
        0.0
      ],
      [
        0.0809667557477951,
        0.12895171344280243,
        0.4281098246574402,
        1.0
      ]
    ]
  }
]