[
  {
    "pose_index": 0,
    "T_base_cam": [
      [
        0.9457983374595642,
        0.013744641095399857,
        -0.32446351647377014,
        0.0011647511273622513
      ],
      [
        0.32458484172821045,
        -0.007714095525443554,
        0.9458251595497131,
        0.15047414600849152
      ],
      [
        0.01049706432968378,
        -0.9998757243156433,
        -0.011757276952266693,
        0.9754448533058167
      ],
      [
        0.0,
        0.0,
        0.0,
        1.0
      ]
    ],
    "T_base_ee": [
      [
        -0.6780409216880798,
        0.6546899080276489,
        -0.33412814140319824,
        -0.016334062442183495
      ],
      [
        -0.2453537881374359,
        0.2269119769334793,
        0.9425033330917358,
        0.07910320162773132
      ],
      [
        0.6928650736808777,
        0.7210354208946228,
        0.006775035988539457,
        0.826772928237915
      ],
      [
        0.0,
        0.0,
        0.0,
        1.0
      ]
    ]
  },
  {
    "pose_index": 1,
    "T_base_cam": [
      [
        0.9551817178726196,
        0.0014015203341841698,
        -0.2960166931152344,
        0.22111603617668152
      ],
      [
        0.296019971370697,
        -0.003993097227066755,
        0.9551734328269958,
        0.18352797627449036
      ],
      [
        0.00015666552644688636,
        -0.9999910593032837,
        -0.004229005426168442,
        1.0157142877578735
      ],
      [
        0.0,
        0.0,
        0.0,
        1.0
      ]
    ],
    "T_base_ee": [
      [
        -0.6766695976257324,
        0.6698928475379944,
        -0.3055517077445984,
        0.19968217611312866
      ],
      [
        -0.22776269912719727,
        0.20419003069400787,
        0.9520664811134338,
        0.11332875490188599
      ],
      [
        0.7001731395721436,
        0.7138277292251587,
        0.014407426118850708,
        0.8669997453689575
      ],
      [
        0.0,
        0.0,
        0.0,
        1.0
      ]
    ]
  },
  {
    "pose_index": 2,
    "T_base_cam": [
      [
        0.9122115969657898,
        0.0323578380048275,
        -0.40843960642814636,
        0.06631818413734436
      ],
      [
        0.40947026014328003,
        -0.03724546357989311,
        0.9115629196166992,
        0.1617363691329956
      ],
      [
        0.014283646829426289,
        -0.9987820386886597,
        -0.04722529649734497,
        0.7743924260139465
      ],
      [
        0.0,
        0.0,
        0.0,
        1.0
      ]
    ],
    "T_base_ee": [
      [
        -0.665407657623291,
        0.618408203125,
        -0.4180956184864044,
        0.058023590594530106
      ],
      [
        -0.28456228971481323,
        0.3076595962047577,
        0.9079481959342957,
        0.08452095091342926
      ],
      [
        0.6901137232780457,
        0.7231298685073853,
        -0.028743382543325424,
        0.6278579831123352
      ],
      [
        0.0,
        0.0,
        0.0,
        1.0
      ]
    ]
  },
  {
    "pose_index": 3,
    "T_base_cam": [
      [
        0.9339199066162109,
        0.01440024096518755,
        -0.3571922779083252,
        0.30165690183639526
      ],
      [
        0.35748207569122314,
        -0.038954589515924454,
        0.9331072568893433,
        0.2110970914363861
      ],
      [
        -0.0004774004628416151,
        -0.9991372227668762,
        -0.04152829200029373,
        0.8215669393539429
      ],
      [
        0.0,
        0.0,
        0.0,
        1.0
      ]
    ],
    "T_base_ee": [
      [
        -0.6693614721298218,
        0.6461076140403748,
        -0.36674270033836365,
        0.2867123484611511
      ],
      [
        -0.2466992884874344,
        0.27233022451400757,
        0.930040717124939,
        0.1344786286354065
      ],
      [
        0.700781524181366,
        0.7130085229873657,
        -0.022893063724040985,
        0.6752465963363647
      ],
      [
        0.0,
        0.0,
        0.0,
        1.0
      ]
    ]
  },
  {
    "pose_index": 4,
    "T_base_cam": [
      [
        0.9061506390571594,
        0.06084165722131729,
        -0.41855621337890625,
        0.1379816085100174
      ],
      [
        0.4207766652107239,
        -0.029368579387664795,
        0.9066887497901917,
        0.18281707167625427
      ],
      [
        0.04287198930978775,
        -0.9977152347564697,
        -0.052213117480278015,
        0.6187328100204468
      ],
      [
        0.0,
        0.0,
        0.0,
        1.0
      ]
    ],
    "T_base_ee": [
      [
        -0.6808223128318787,
        0.5938976407051086,
        -0.42868006229400635,
        0.13478803634643555
      ],
      [
        -0.29804807901382446,
        0.30998778343200684,
        0.9028149843215942,
        0.10660115629434586
      ],
      [
        0.6690652966499329,
        0.7424238324165344,
        -0.034036554396152496,
        0.4714769423007965
      ],
      [
        0.0,
        0.0,
        0.0,
        1.0
      ]
    ]
  },
  {
    "pose_index": 5,
    "T_base_cam": [
      [
        0.9174065589904785,
        0.014070859178900719,
        -0.3977023959159851,
        0.34463098645210266
      ],
      [
        0.39794477820396423,
        -0.026752900332212448,
        0.917019248008728,
        0.2363782674074173
      ],
      [
        0.002263548318296671,
        -0.9995430707931519,
        -0.030142728239297867,
        0.6333032250404358
      ],
      [
        0.0,
        0.0,
        0.0,
        1.0
      ]
    ],
    "T_base_ee": [
      [
        -0.6565274000167847,
        0.6350308060646057,
        -0.4070720672607422,
        0.3327527940273285
      ],
      [
        -0.2837942838668823,
        0.2920640707015991,
        0.9133232831954956,
        0.16087378561496735
      ],
      [
        0.6988795399665833,
        0.7151464819908142,
        -0.01152996439486742,
        0.48612526059150696
      ],
      [
        0.0,
        0.0,
        0.0,
        1.0
      ]
    ]
  },
  {
    "pose_index": 6,
    "T_base_cam": [
      [
        0.7305315136909485,
        0.15212394297122955,
        -0.665719211101532,
        0.3107620179653168
      ],
      [
        0.6807330250740051,
        -0.08500269800424576,
        0.7275830507278442,
        0.21604523062705994
      ],
      [
        0.054094865918159485,
        -0.9846993684768677,
        -0.16565293073654175,
        0.44769883155822754
      ],
      [
        0.0,
        0.0,
        0.0,
        1.0
      ]
    ],
    "T_base_ee": [
      [
        -0.6144124269485474,
        0.40729406476020813,
        -0.675728440284729,
        0.3432644307613373
      ],
      [
        -0.44099247455596924,
        0.5328988432884216,
        0.7221803665161133,
        0.13157211244106293
      ],
      [
        0.6542346477508545,
        0.7417077422142029,
        -0.1478060483932495,
        0.30873388051986694
      ],
      [
        0.0,
        0.0,
        0.0,
        1.0
      ]
    ]
  },
  {
    "pose_index": 7,
    "T_base_cam": [
      [
        0.9180917143821716,
        0.0357380174100399,
        -0.39475351572036743,
        0.3590408265590668
      ],
      [
        0.39608117938041687,
        -0.04484013095498085,
        0.9171199798583984,
        0.25068390369415283
      ],
      [
        0.015075222589075565,
        -0.9983546733856201,
        -0.05532251298427582,
        0.4883989989757538
      ],
      [
        0.0,
        0.0,
        0.0,
        1.0
      ]
    ],
    "T_base_ee": [
      [
        -0.6722474098205566,
        0.6200283765792847,
        -0.40453454852104187,
        0.3501847982406616
      ],
      [
        -0.2698015570640564,
        0.3036669194698334,
        0.9137797951698303,
        0.17255593836307526
      ],
      [
        0.6894131898880005,
        0.7234301567077637,
        -0.036854684352874756,
        0.34238201379776
      ],
      [
        0.0,
        0.0,
        0.0,
        1.0
      ]
    ]
  }
]